1:ItNr	2:Metric	3a:Time	3b:StepSize	4:||Gradient||	Time[ms]
0	-1.006281	0.000000	284.266832	0.008415	12.2
1	-1.026729	0.000000	284.266832	0.007586	1.2
2	-1.047052	0.000000	284.266832	0.007147	2.3
3	-1.008828	0.000000	284.266832	0.009088	1.3
4	-1.031635	0.998364	271.365798	0.004371	2.1
5	-1.037672	0.748699	274.480945	0.006134	2.4
6	-1.056829	1.748644	262.415793	0.005270	2.0
7	-1.052089	1.490279	265.430384	0.005546	1.8
8	-1.020846	2.490258	254.131032	0.004377	2.0
9	-1.025106	3.490235	243.754442	0.004272	1.7
10	-1.036952	3.443022	244.225266	0.005272	1.6
11	-1.049890	3.184655	246.834342	0.006626	2.1
12	-1.023417	4.184655	237.033360	0.006223	1.6
13	-1.052363	5.184654	227.980994	0.006552	3.0
14	-1.053705	6.184654	219.594609	0.008836	1.5
15	-1.007236	7.184654	211.803326	0.005711	2.4
16	-1.038951	8.184654	204.545973	0.005487	1.5
17	-1.039270	7.926303	206.372844	0.007022	1.4
18	-1.033895	8.926303	199.476809	0.007372	1.2
19	-1.046634	9.926303	193.026739	0.007354	1.5
20	-1.062802	10.926303	186.980729	0.008287	1.5
21	-1.060001	10.668057	188.505519	0.005868	2.0
22	-1.070709	10.409692	190.056098	0.006739	2.3
23	-1.022102	10.194100	191.369631	0.006541	2.3
24	-1.043326	11.194100	185.425388	0.006749	1.5
25	-1.058635	12.194100	179.839294	0.003975	1.8
26	-1.044200	13.182382	174.639773	0.006766	1.7
27	-1.069915	14.182382	169.675932	0.006621	1.2
28	-1.058932	15.182382	164.986471	0.006759	1.2
29	-1.028851	14.924015	166.173057	0.003646	1.2
30	-1.070850	15.924015	161.672651	0.007724	1.2
31	-1.080223	16.839757	157.760090	0.008254	1.2
32	-1.021781	17.839757	153.698270	0.004819	1.2
33	-1.058937	18.839757	149.840358	0.005308	1.2
34	-1.056301	19.839745	146.171419	0.005258	1.1
35	-1.036082	20.839745	142.677817	0.005196	1.2
36	-1.049250	21.839745	139.347315	0.004793	1.2
37	-1.041142	22.828257	136.204448	0.005845	1.2
38	-1.046217	23.828257	133.166086	0.008245	1.2
39	-1.027062	23.575035	133.922575	0.004666	1.2
40	-1.041199	24.574861	130.984567	0.004965	1.3
41	-1.059163	25.571331	128.181937	0.007320	2.0
42	-1.073792	26.571331	125.487418	0.004595	1.5
43	-1.047134	27.571330	122.903851	0.005213	2.1
44	-1.073897	27.352069	123.461179	0.005574	2.0
45	-1.038604	28.352068	120.959541	0.006250	1.7
46	-1.084516	28.124042	121.521017	0.005215	1.8
47	-1.035092	29.124042	119.096611	0.005613	1.8
48	-1.059133	30.024805	116.994147	0.007557	1.7
49	-1.070625	31.024805	114.745332	0.004821	1.2
50	-1.030959	32.024805	112.581339	0.004946	1.2
51	-1.044909	33.024802	110.497460	0.005737	1.2
52	-1.047565	34.024802	108.489321	0.004497	1.4
53	-1.045334	35.024802	106.552870	0.004176	1.5
54	-1.078795	34.766436	107.046529	0.005765	1.4
55	-1.033640	35.766436	105.160793	0.005413	1.4
56	-1.053582	36.766436	103.340345	0.006063	1.5
57	-1.025176	37.702377	101.692704	0.004318	1.2
58	-1.028514	38.701627	99.990633	0.006598	1.2
59	-1.034848	39.077953	99.364296	0.005647	1.3
60	-1.040036	40.077953	97.737452	0.006789	1.6
61	-1.045852	41.077953	96.163021	0.004918	1.5
62	-1.049346	42.077953	94.638510	0.007041	1.6
63	-1.039510	43.077487	93.162260	0.003579	2.4
64	-1.049173	44.077487	91.730701	0.008569	2.3
65	-1.055805	43.819241	92.096165	0.005189	2.1
66	-1.071941	44.819241	90.696936	0.005606	1.8
67	-1.056327	45.819238	89.339592	0.005300	2.0
68	-1.077647	46.819238	88.022273	0.006280	2.1
69	-1.070761	47.819238	86.743237	0.006975	1.7
70	-1.057564	48.819238	85.500840	0.006104	1.6
71	-1.057806	49.819237	84.293530	0.006027	1.5
72	-1.035378	50.819237	83.119839	0.004539	2.1
73	-1.045838	51.774910	82.028318	0.004540	2.8
74	-1.040940	52.774897	80.916460	0.005122	1.4
75	-1.069958	52.516530	81.200833	0.005008	1.3
76	-1.054773	53.516530	80.111130	0.004325	1.7
77	-1.041575	53.258164	80.389861	0.003708	1.6
78	-1.064632	52.999798	80.670538	0.009498	1.6
79	-1.061939	53.999798	79.594928	0.004577	1.6
80	-1.085687	54.999798	78.547623	0.004630	2.0
81	-1.056497	54.780695	78.774726	0.004563	2.1
82	-1.071397	54.530200	79.035981	0.004745	1.9
83	-1.077506	55.530196	78.003243	0.004464	2.3
84	-1.072744	55.271966	78.267335	0.006951	1.7
85	-1.060665	55.013600	78.533361	0.006201	1.7
86	-1.053400	56.013600	77.513627	0.004992	1.5
87	-1.064270	55.755242	77.774538	0.007088	1.7
88	-1.042663	56.755193	76.774338	0.008185	1.2
89	-1.040955	56.496826	77.030296	0.004023	1.3
90	-1.035715	57.496824	76.048981	0.006318	1.5
91	-1.075040	57.259579	76.279524	0.009509	1.3
92	-1.043778	58.255005	75.321470	0.009068	1.3
93	-1.052598	59.255005	74.382943	0.007233	1.2
94	-1.038558	60.255005	73.467517	0.006252	1.2
95	-1.029067	59.996639	73.701866	0.004749	1.2
96	-1.064595	60.996639	72.803026	0.005903	1.2
97	-1.051901	61.993493	71.928573	0.003693	1.2
98	-1.018091	62.259566	71.698710	0.005230	1.2
99	-1.051683	62.001199	71.921894	0.007707	1.2
100	-1.050363	61.742833	72.146472	0.004534	1.7
101	-1.069958	61.494202	72.363916	0.006150	1.7
102	-1.068666	62.494202	71.497222	0.004324	1.7
103	-1.060432	63.494202	70.651043	0.005001	2.3
104	-1.052920	64.489673	69.828358	0.004965	1.8
105	-1.077410	64.240032	70.032863	0.008131	2.0
106	-1.051890	65.240032	69.220794	0.006875	2.0
107	-1.042873	66.240032	68.427342	0.005788	1.2
108	-1.061869	67.240032	67.651873	0.007933	1.7
109	-1.055688	68.240032	66.893784	0.004478	1.6
110	-1.069282	69.240032	66.152497	0.005771	1.1
111	-1.043082	68.981666	66.342442	0.004387	1.2
112	-1.084538	69.980881	65.613823	0.007670	1.6
113	-1.068935	70.980881	64.900481	0.003050	1.2
114	-1.062074	70.723124	65.082863	0.007405	1.2
115	-1.079140	71.154360	64.778307	0.004215	1.2
116	-1.026056	72.154360	64.082920	0.004724	1.2
117	-1.058913	73.083391	63.450131	0.006794	1.1
118	-1.056365	74.082942	62.783117	0.006595	1.1
119	-1.034351	75.078169	62.132778	0.005492	1.2
120	-1.061971	76.078169	61.492749	0.005389	1.2
121	-1.062858	77.078160	60.865778	0.007277	1.2
122	-1.046444	78.078160	60.251457	0.006809	1.9
123	-1.063852	79.078160	59.649413	0.005062	2.1
124	-1.067006	78.819793	59.803805	0.008798	1.6
125	-1.077002	79.819793	59.210630	0.005454	2.1
126	-1.070112	80.819793	58.629106	0.003845	1.7
127	-1.036321	81.075508	58.482231	0.004787	1.4
128	-1.046671	82.075508	57.914859	0.004027	1.3
129	-1.036913	81.842859	58.045873	0.006036	1.2
130	-1.044031	82.842858	57.486895	0.003243	1.5
131	-1.070844	83.842320	56.938873	0.006264	1.4
132	-1.056450	84.572100	56.545275	0.006498	1.2
133	-1.037161	85.572100	56.014693	0.005915	1.3
134	-1.039282	85.313735	56.150821	0.004317	1.2
135	-1.065739	86.289812	55.639984	0.003415	1.2
136	-1.082213	86.045079	55.767192	0.008454	1.2
137	-1.069675	85.786713	55.902119	0.004179	1.1
138	-1.031275	85.534736	56.034339	0.007526	1.2
139	-1.021951	85.276369	56.170563	0.006922	1.2
140	-1.080241	86.276369	55.646957	0.005799	1.3
141	-1.070922	86.907137	55.321674	0.004676	1.3
142	-1.074885	87.907137	54.813703	0.004054	1.2
143	-1.024815	87.649151	54.943858	0.007478	1.2
144	-1.051243	88.649151	54.442770	0.003704	1.3
145	-1.020609	89.649151	53.950739	0.004442	2.1
146	-1.048411	89.398612	54.073175	0.006514	1.5
147	-1.052731	90.398612	53.587772	0.004276	3.2
148	-1.062776	91.398612	53.111007	0.006624	1.7
149	-1.046823	91.140246	53.233373	0.002707	1.7
150	-1.061833	92.139928	52.763013	0.004573	1.8
151	-1.067537	92.387085	52.648002	0.004195	1.5
152	-1.030295	92.988489	52.370231	0.006227	1.5
153	-1.081011	93.988489	51.914792	0.004305	1.4
154	-1.080365	94.988305	51.467288	0.005993	1.4
155	-1.039246	95.988305	51.027352	0.003993	1.6
156	-1.070035	95.729951	51.140290	0.004702	1.4
157	-1.046412	96.729951	50.705903	0.002472	1.3
158	-1.070558	97.375754	50.429275	0.004398	1.5
159	-1.035611	97.365101	50.433814	0.005207	1.5
160	-1.074844	97.109750	50.542851	0.006518	1.2
161	-1.049287	96.851383	50.653656	0.005191	1.2
162	-1.063108	97.851168	50.227554	0.006191	1.2
163	-1.062655	98.851168	49.808471	0.004469	1.1
164	-1.006410	99.851168	49.396324	0.005967	1.5
165	-1.072628	100.851168	48.990942	0.004383	1.9
166	-1.059966	101.330633	48.798926	0.006120	1.5
167	-1.052798	102.330633	48.403250	0.003293	1.7
168	-1.064303	103.234971	48.050911	0.006030	2.0
169	-1.040396	104.234971	47.667225	0.005460	1.3
170	-1.072756	105.234971	47.289617	0.005932	1.3
171	-1.067075	106.234970	46.917946	0.006115	1.4
172	-1.057549	105.976604	47.013413	0.004146	1.2
173	-1.071537	105.718238	47.109268	0.004429	1.2
174	-1.064954	106.718210	46.740426	0.006976	1.2
175	-1.054953	107.616570	46.413953	0.003889	1.1
176	-1.047010	107.358204	46.507378	0.006190	1.4
177	-1.066837	107.099859	46.601171	0.005201	1.2
178	-1.053102	108.099859	46.240201	0.005726	1.2
179	-1.062614	109.099859	45.884780	0.008067	1.1
180	-1.047590	110.099859	45.534782	0.005866	1.1
181	-1.035214	111.062367	45.202912	0.004182	1.2
182	-1.069267	110.820627	45.285807	0.004502	1.4
183	-1.061563	111.358652	45.101725	0.006789	1.2
184	-1.045285	111.100285	45.189936	0.003951	1.2
185	-1.034416	110.841919	45.278494	0.003280	1.2
186	-1.062800	111.841918	44.937649	0.003144	1.8
187	-1.075558	112.737408	44.636752	0.004655	1.5
188	-1.071168	113.493426	44.385838	0.006682	2.0
189	-1.025971	114.485402	44.060861	0.007492	1.7
190	-1.046826	115.485402	43.738036	0.006950	1.7
191	-1.057215	115.227036	43.820989	0.004030	1.4
192	-1.059058	116.227036	43.501657	0.006595	1.3
193	-1.047585	117.227036	43.186945	0.003384	1.3
194	-1.028046	118.087044	42.919911	0.004805	1.7
195	-1.060944	119.077605	42.616401	0.005878	1.3
196	-1.032331	118.819239	42.695151	0.007486	1.3
197	-1.055948	119.819074	42.392009	0.003736	1.2
198	-1.050209	120.819052	42.093100	0.006484	1.3
199	-1.081346	121.819052	41.798369	0.007446	1.8
200	-1.060243	122.819052	41.507738	0.003713	1.2
201	-1.069559	123.818786	41.221195	0.004612	1.2
202	-1.050765	123.560419	41.294868	0.008426	1.2
203	-1.059953	123.302053	41.368805	0.003340	1.4
204	-1.036974	123.065388	41.436764	0.007090	1.2
205	-1.052092	124.055022	41.154063	0.004843	1.2
206	-1.056968	123.796656	41.227496	0.004979	1.2
207	-1.047023	124.484459	41.032585	0.002507	2.6
208	-1.065654	124.226138	41.105572	0.005724	1.5
209	-1.041173	125.226052	40.824487	0.003112	2.3
210	-1.087769	124.996527	40.888668	0.005554	2.1
211	-1.043604	124.738273	40.961124	0.005170	1.4
212	-1.022943	124.481536	41.033410	0.005741	1.3
213	-1.068015	124.223170	41.106412	0.003064	1.2
214	-1.040494	123.991093	41.172208	0.006063	1.3
215	-1.035622	123.732731	41.245705	0.002175	1.3
216	-1.057006	123.474387	41.319459	0.003037	1.2
217	-1.058111	123.242312	41.385939	0.008567	2.8
218	-1.052219	122.983945	41.460202	0.002948	1.3
219	-1.040250	122.725596	41.534728	0.006178	1.3
220	-1.031356	123.703484	41.254041	0.004753	1.4
221	-1.059963	124.668273	40.980808	0.005628	1.3
222	-1.049208	125.437613	40.765507	0.004222	1.3
223	-1.049356	125.179247	40.837558	0.005474	1.3
224	-1.040611	124.920881	40.909864	0.007006	1.2
225	-1.077584	124.662515	40.982428	0.007099	1.2
226	-1.045989	125.662505	40.702997	0.006162	1.2
227	-1.044018	126.662505	40.427348	0.005860	1.2
228	-1.072365	126.404147	40.498206	0.003582	1.2
229	-1.030292	127.399948	40.226453	0.006196	1.2
230	-1.068205	128.399948	39.957199	0.004053	1.2
231	-1.032735	128.141581	40.026419	0.006181	1.2
232	-1.070748	129.141581	39.759828	0.004170	1.5
233	-1.058962	128.883265	39.828352	0.005825	1.6
234	-1.040777	128.966207	39.806324	0.004180	2.1
235	-1.053829	129.940583	39.549360	0.005840	2.2
236	-1.071777	130.741914	39.340505	0.007042	1.7
237	-1.087912	131.741912	39.082943	0.006564	1.9
238	-1.055392	131.483552	39.149163	0.006365	1.6
239	-1.054800	131.225186	39.215610	0.005847	1.7
240	-1.096586	130.966839	39.282277	0.007804	1.4
241	-1.078387	131.966835	39.025476	0.006207	1.7
242	-1.053126	132.966835	38.772009	0.005581	1.6
243	-1.055589	133.965730	38.522088	0.005448	1.4
244	-1.038989	134.965730	38.275097	0.004361	1.7
245	-1.051822	134.707364	38.338607	0.007393	1.4
246	-1.044336	135.706572	38.094149	0.004857	1.5
247	-1.054505	135.448205	38.157059	0.006147	1.3
248	-1.074071	135.191050	38.219882	0.005059	1.3
249	-1.052909	134.932686	38.283208	0.004093	1.5
250	-1.060948	135.932685	38.039262	0.005134	1.6
251	-1.069309	135.674319	38.101991	0.006898	1.5
252	-1.018715	136.674319	37.860341	0.005323	1.6
253	-1.045499	137.674319	37.621737	0.003441	2.0
254	-1.055010	137.447056	37.675698	0.006456	2.2
255	-1.067375	137.314022	37.707358	0.006685	1.8
256	-1.053223	137.055691	37.768988	0.007515	1.3
257	-1.020713	136.797324	37.830828	0.005111	1.4
258	-1.062087	137.797324	37.592595	0.005466	1.3
259	-1.048515	138.797298	37.357349	0.004345	1.3
260	-1.045564	139.778653	37.129329	0.004903	1.2
261	-1.054261	139.522426	37.188595	0.005801	1.3
262	-1.054743	139.311795	37.237456	0.008069	1.2
263	-1.057114	139.053429	37.297567	0.006207	1.1
264	-1.047767	140.053429	37.065982	0.006572	1.2
265	-1.049087	140.616164	36.936921	0.008767	1.1
266	-1.072632	141.616164	36.709779	0.007155	1.2
267	-1.065477	141.357798	36.768197	0.010869	1.4
268	-1.040570	142.357798	36.543119	0.007469	1.1
269	-1.027785	143.357798	36.320780	0.006126	1.2
270	-1.038363	144.357798	36.101131	0.005938	1.2
271	-1.054444	144.889419	35.985438	0.004179	1.2
272	-1.067142	145.889419	35.769814	0.005542	1.2
273	-1.054435	146.888044	35.557049	0.005005	1.2
274	-1.078145	147.888044	35.346513	0.004188	1.1
275	-1.041244	148.888044	35.138456	0.008855	2.1
276	-1.089151	149.888044	34.932833	0.006289	1.6
277	-1.051432	150.888044	34.729603	0.004993	1.8
278	-1.083114	151.887805	34.528771	0.005197	1.8
279	-1.066095	152.830049	34.341608	0.007228	1.5
280	-1.051453	152.571683	34.392727	0.007025	1.3
281	-1.076454	153.571683	34.195715	0.003703	1.4
282	-1.067760	154.569688	34.001333	0.004363	1.3
283	-1.067370	154.314931	34.050742	0.003744	1.5
284	-1.060257	154.062178	34.099904	0.005695	1.2
285	-1.071233	154.367872	34.040462	0.004419	1.2
286	-1.048084	155.367872	33.847454	0.006012	1.2
287	-1.058794	155.109506	33.897111	0.004847	1.2
288	-1.057464	154.851139	33.946914	0.005633	1.4
289	-1.062672	155.851139	33.754962	0.005432	1.2
290	-1.063332	155.632127	33.796816	0.004505	1.3
291	-1.063311	155.412004	33.838987	0.004626	1.2
292	-1.053266	156.412004	33.648250	0.005074	1.2
293	-1.088919	157.412004	33.459652	0.005702	1.2
294	-1.073002	158.412004	33.273155	0.004619	1.2
295	-1.057051	158.153638	33.321140	0.005082	1.2
296	-1.048119	159.153637	33.136181	0.005381	1.2
297	-1.076906	160.153422	32.953302	0.005195	1.2
298	-1.072148	159.895055	33.000368	0.005529	2.6
299	-1.072257	160.895055	32.818943	0.008005	1.9
300	-1.041169	160.636689	32.865626	0.005130	1.8
301	-1.035374	160.378327	32.912441	0.003203	1.6
302	-1.070610	161.377188	32.732183	0.006297	1.6
303	-1.056668	162.076056	32.607232	0.005037	1.9
304	-1.047876	162.565540	32.520284	0.004870	1.4
305	-1.050672	162.307176	32.566120	0.007382	1.4
306	-1.045693	163.307176	32.389425	0.006071	1.2
307	-1.056476	164.307176	32.214637	0.004670	1.3
308	-1.061224	165.307083	32.041742	0.005304	1.1
309	-1.060958	166.307043	31.870683	0.003297	1.5
310	-1.026361	167.303302	31.702065	0.004299	1.8
311	-1.050823	167.063348	31.742514	0.004712	2.1
312	-1.060491	168.063348	31.574621	0.005727	1.9
313	-1.039350	169.063348	31.408494	0.004436	1.5
314	-1.057851	168.804981	31.451248	0.005124	1.3
315	-1.071827	168.571620	31.489964	0.003374	1.4
316	-1.037053	168.313254	31.532940	0.006444	1.2
317	-1.055564	169.313254	31.367250	0.005444	1.3
318	-1.040044	170.313254	31.203293	0.004634	2.0
319	-1.037094	171.310224	31.041529	0.005339	2.1
320	-1.032052	171.055479	31.082703	0.004327	2.6
321	-1.048928	172.055479	30.921699	0.005632	1.7
322	-1.057361	171.797113	30.963137	0.007069	1.3
323	-1.047743	172.797113	30.803366	0.006217	1.3
324	-1.027481	173.788791	30.646545	0.004686	1.3
325	-1.071341	173.530427	30.687248	0.003822	1.2
326	-1.070090	174.460201	30.541274	0.005085	1.2
327	-1.061045	175.460201	30.385816	0.006510	1.2
328	-1.052207	175.201835	30.425829	0.004350	1.5
329	-1.081063	176.199867	30.271843	0.005127	1.5
330	-1.087109	176.874565	30.168625	0.005657	1.5
331	-1.063413	177.874565	30.016928	0.002968	1.2
332	-1.050660	178.872249	29.867095	0.005019	1.4
333	-1.067313	179.010386	29.846467	0.005823	1.4
334	-1.047153	178.753051	29.884918	0.005134	1.2
335	-1.077244	179.753051	29.736054	0.004847	1.2
336	-1.050266	179.494754	29.774362	0.005152	1.1
337	-1.053498	179.236388	29.812780	0.006326	1.1
338	-1.061557	180.231482	29.665356	0.005571	1.3
339	-1.035295	179.973116	29.703493	0.004115	2.3
340	-1.071398	180.973116	29.556426	0.005949	1.5
341	-1.067447	180.714750	29.594283	0.004019	2.0
342	-1.077738	180.831915	29.577104	0.004940	3.8
343	-1.061718	180.573550	29.615014	0.005704	2.3
344	-1.063046	181.573550	29.468820	0.007348	1.5
345	-1.024220	181.315183	29.506453	0.006225	1.4
346	-1.055536	182.310383	29.362020	0.008079	1.2
347	-1.061587	183.310383	29.218307	0.006045	1.3
348	-1.083446	184.310383	29.075994	0.007338	1.2
349	-1.063388	184.052017	29.112630	0.006680	1.2
350	-1.100283	185.052017	28.971342	0.004388	1.2
351	-1.077664	185.427366	28.918663	0.006203	1.2
352	-1.065365	185.168999	28.954903	0.007388	1.2
353	-1.073037	186.134883	28.819885	0.004132	1.4
354	-1.059207	185.876517	28.855878	0.003869	1.3
355	-1.060890	185.618151	28.891961	0.003672	1.4
356	-1.058337	186.617813	28.752848	0.006964	1.4
357	-1.059097	187.570991	28.621446	0.007039	1.2
358	-1.055693	187.312625	28.656945	0.004399	1.2
359	-1.074146	187.054259	28.692532	0.006904	1.2
360	-1.079532	186.795892	28.728207	0.005701	1.2
361	-1.086954	186.537526	28.763971	0.007181	1.6
362	-1.064810	186.279160	28.799825	0.004240	1.3
363	-1.042509	187.279155	28.661550	0.004938	2.0
364	-1.060903	188.278146	28.524734	0.007373	1.9
365	-1.049573	189.278146	28.389082	0.007197	1.4
366	-1.058105	189.024721	28.423337	0.005890	1.3
367	-1.063797	190.024720	28.288645	0.009826	1.8
368	-1.068425	191.024720	28.155224	0.009146	1.2
369	-1.056063	192.024720	28.023055	0.006633	1.3
370	-1.042321	193.024720	27.892121	0.007233	1.2
371	-1.077687	194.024720	27.762406	0.004815	1.2
372	-1.047291	195.024720	27.633891	0.006537	1.1
373	-1.060524	196.024720	27.506560	0.004373	1.2
374	-1.050229	195.766353	27.539345	0.005335	1.6
375	-1.084684	196.766352	27.412883	0.004583	1.3
376	-1.065526	196.507986	27.445445	0.003889	1.2
377	-1.065012	196.249621	27.478085	0.008564	1.2
378	-1.051182	195.991254	27.510802	0.003483	1.2
379	-1.079960	196.991254	27.384601	0.002102	1.2
380	-1.087829	197.435777	27.328872	0.004575	1.2
381	-1.069164	198.402517	27.208455	0.006650	1.5
382	-1.086396	198.144160	27.240532	0.006393	1.1
383	-1.051962	199.144160	27.116792	0.004585	1.2
384	-1.052373	200.144154	26.994173	0.006455	1.2
385	-1.069360	199.887183	27.025577	0.006815	2.0
386	-1.072440	200.887183	26.903778	0.004850	1.5
387	-1.024801	201.876149	26.784398	0.004181	1.7
388	-1.070688	202.875328	26.664856	0.005637	2.0
389	-1.076609	203.019930	26.647645	0.004248	1.5
390	-1.028977	203.310581	26.613116	0.002992	1.3
391	-1.068277	204.310560	26.495001	0.007098	1.3
392	-1.074820	204.799593	26.437618	0.006071	1.2
393	-1.058443	205.799504	26.321061	0.003444	1.3
394	-1.046850	206.798722	26.205606	0.004466	1.2
395	-1.042885	206.677849	26.219518	0.003956	1.2
396	-1.075034	206.419485	26.249305	0.005400	1.1
397	-1.058733	206.161120	26.279160	0.004393	1.3
398	-1.069792	205.902754	26.309083	0.003243	1.2
399	-1.051169	205.649737	26.338453	0.005011	1.2
400	-1.047774	206.465148	26.244036	0.007002	1.2
401	-1.075695	206.206782	26.273879	0.004210	1.1
402	-1.049167	205.948461	26.303785	0.003847	1.2
403	-1.036867	205.700538	26.332551	0.004171	1.2
404	-1.058769	205.472863	26.359023	0.004050	1.1
405	-1.023941	205.584567	26.346029	0.005751	1.1
406	-1.067169	205.326200	26.376104	0.004283	1.1
407	-1.075715	206.326200	26.260077	0.004968	1.2
408	-1.027094	207.326137	26.145073	0.004172	1.1
409	-1.083926	207.104208	26.170510	0.004861	1.6
410	-1.081703	208.104191	26.056282	0.006052	1.7
411	-1.048036	207.845878	26.085694	0.003369	2.2
412	-1.053624	208.845876	25.972202	0.007418	2.2
413	-1.066377	208.587541	26.001426	0.005888	1.7
414	-1.050975	208.329175	26.030720	0.007734	1.8
415	-1.069051	208.070809	26.060079	0.006766	1.5
416	-1.057117	209.070809	25.946810	0.007576	1.6
417	-1.069887	208.813084	25.975908	0.004462	1.4
418	-1.044963	209.813081	25.863367	0.003256	1.3
419	-1.075208	210.755767	25.758166	0.008331	1.3
420	-1.089292	211.755767	25.647500	0.007060	1.2
421	-1.059418	212.755767	25.537781	0.005372	1.6
422	-1.053891	213.727013	25.432111	0.005520	1.3
423	-1.069889	213.468647	25.460135	0.003983	1.3
424	-1.060982	214.468647	25.352010	0.005541	1.6
425	-1.044837	214.218432	25.378978	0.005493	1.2
426	-1.053428	215.218432	25.271540	0.003489	1.2
427	-1.067120	216.218432	25.165007	0.003556	1.2
428	-1.058648	215.960182	25.192433	0.005278	1.2
429	-1.068884	216.936459	25.089066	0.004914	1.2
430	-1.060975	217.936458	24.984063	0.004116	2.0
431	-1.027242	217.819399	24.996309	0.007080	1.4
432	-1.049377	217.561990	25.023280	0.005570	2.0
433	-1.050496	217.303672	25.050405	0.003729	1.8
434	-1.043596	218.303656	24.945726	0.005138	1.9
435	-1.064141	218.045290	24.972688	0.006583	1.5
436	-1.054024	219.045290	24.868655	0.005482	1.3
437	-1.087162	218.786923	24.895450	0.005546	1.3
438	-1.064739	218.528557	24.922304	0.003818	1.3
439	-1.047252	219.528541	24.818691	0.005839	1.2
440	-1.021340	219.627801	24.808453	0.003803	1.2
441	-1.039002	219.369435	24.835119	0.005651	1.2
442	-1.052839	219.362377	24.835848	0.005827	1.2
443	-1.089566	219.988797	24.771290	0.004076	1.5
444	-1.055206	219.730433	24.797876	0.005421	2.9
445	-1.066210	220.730431	24.695292	0.006336	1.2
446	-1.049713	221.730431	24.593552	0.005218	1.4
447	-1.034429	222.730429	24.492647	0.005556	1.3
448	-1.037111	223.728624	24.392747	0.006687	1.3
449	-1.078524	223.470258	24.418526	0.003440	1.7
450	-1.074102	224.470257	24.319050	0.007731	1.3
451	-1.031542	225.431428	24.224197	0.005416	1.9
452	-1.045615	225.173062	24.249621	0.004297	1.4
453	-1.066162	224.960193	24.270608	0.004648	1.7
454	-1.061592	224.706211	24.295696	0.005622	1.8
455	-1.047993	225.706211	24.197216	0.005265	2.0
456	-1.043378	226.706209	24.099531	0.004678	2.0
457	-1.072005	227.706209	24.002631	0.004545	1.8
458	-1.071384	227.447843	24.027592	0.005051	1.7
459	-1.089708	227.189492	24.052604	0.005286	1.6
460	-1.052214	226.978167	24.073101	0.006763	1.8
461	-1.083049	227.978167	23.976413	0.004372	1.4
462	-1.086698	227.719801	24.001320	0.006625	1.5
463	-1.022938	227.461542	24.026268	0.004058	1.4
464	-1.061755	227.212920	24.050333	0.006616	1.3
465	-1.049252	227.038034	24.067291	0.004774	1.6
466	-1.053863	226.779667	24.092386	0.004748	1.3
467	-1.052596	226.521301	24.117534	0.004782	1.3
468	-1.057689	226.306664	24.138466	0.004355	1.3
469	-1.055348	227.306445	24.041275	0.004969	1.3
470	-1.042007	227.048079	24.066316	0.005251	1.5
471	-1.035815	228.048079	23.969683	0.003008	1.6
472	-1.072653	228.421545	23.933792	0.003843	1.6
473	-1.087404	229.200397	23.859289	0.003974	1.8
474	-1.038119	228.947277	23.883451	0.005204	1.7
475	-1.062738	229.940779	23.788894	0.002930	1.3
476	-1.053782	229.682413	23.813412	0.001548	1.3
477	-1.040626	230.439890	23.741672	0.002980	1.4
478	-1.049129	230.366153	23.748637	0.005727	1.3
479	-1.061163	231.355292	23.655551	0.007051	1.3
480	-1.056281	231.127490	23.676924	0.006180	1.2
481	-1.070570	230.869124	23.701212	0.005648	1.2
482	-1.084229	230.610758	23.725549	0.005993	1.3
483	-1.076098	231.610701	23.631633	0.004435	1.4
484	-1.076376	231.352334	23.655828	0.003347	1.3
485	-1.054956	231.094065	23.680064	0.005654	1.3
486	-1.068892	231.302360	23.660514	0.004337	1.2
487	-1.023919	231.043994	23.684768	0.005833	1.6
488	-1.065583	232.043994	23.591168	0.004540	1.2
489	-1.060690	233.033330	23.499292	0.005660	1.2
490	-1.051266	232.774964	23.523217	0.003908	1.2
491	-1.038090	233.774940	23.430889	0.005223	1.2
492	-1.036577	233.516579	23.454674	0.003864	1.2
493	-1.082440	233.258213	23.478508	0.005934	1.2
494	-1.074805	234.258213	23.386528	0.003734	1.9
495	-1.049363	234.862663	23.331280	0.006718	1.5
496	-1.049476	234.604301	23.354863	0.004144	1.8
497	-1.045792	235.604301	23.263848	0.004110	2.1
498	-1.073059	235.346384	23.287254	0.005890	1.3
499	-1.051991	236.345672	23.196829	0.007743	1.6
