1:ItNr	2:Metric	3a:Time	3b:StepSize	4:||Gradient||	Time[ms]
0	-0.995006	0.000000	15.442513	0.016154	38.1
1	-0.954189	0.000000	15.442513	0.014242	1.1
2	-0.999147	1.000000	14.740581	0.004256	1.9
3	-1.013041	1.997813	14.101027	0.010984	1.0
4	-1.031155	2.541228	13.775525	0.004407	1.1
5	-0.976318	2.314405	13.909546	0.004929	1.0
6	-0.991888	2.293911	13.921783	0.012442	1.1
7	-0.994203	2.243393	13.952041	0.005898	1.4
8	-1.008445	1.995014	14.102744	0.003166	1.0
9	-0.983594	1.776705	14.237914	0.002415	1.6
10	-1.010751	2.010578	14.093205	0.004863	1.1
11	-0.995349	1.854082	14.189709	0.005290	1.0
12	-0.989373	1.623006	14.334646	0.013974	1.0
13	-0.981056	1.374069	14.494135	0.010805	1.0
14	-0.999881	2.374069	13.874041	0.016317	1.0
15	-0.997281	2.125113	14.023403	0.006141	0.9
16	-0.997323	3.124808	13.442295	0.010768	0.9
17	-0.974134	3.314317	13.337524	0.013219	0.9
18	-1.017529	4.314306	12.810653	0.014143	0.9
19	-0.996529	4.065351	12.937891	0.012564	0.9
20	-1.000340	5.065351	12.441528	0.007668	0.9
21	-0.984354	4.816430	12.561488	0.016832	0.9
22	-0.986822	5.816362	12.093094	0.006775	0.9
23	-1.014201	5.567897	12.206189	0.005138	1.0
24	-1.001638	5.339395	12.312082	0.013980	0.9
25	-1.014350	5.140886	12.405577	0.003392	0.9
26	-0.994996	5.649385	12.168865	0.016645	0.9
27	-0.983788	6.637100	11.733966	0.017268	0.9
28	-0.989307	7.637100	11.324219	0.019412	0.9
29	-0.971452	7.388144	11.423529	0.020365	1.0
30	-1.001656	8.388144	11.034817	0.012914	0.9
31	-0.954072	9.388144	10.671688	0.009535	0.9
32	-0.981956	9.422415	10.659666	0.005686	1.4
33	-1.005186	9.177623	10.746134	0.011242	1.0
34	-1.002588	10.172462	10.403182	0.017686	1.3
35	-0.984645	10.881230	10.171903	0.013527	1.1
36	-1.006726	11.881230	9.862550	0.018286	1.2
37	-0.981949	11.660716	9.929139	0.007081	1.0
38	-1.004135	11.411767	10.005403	0.014117	1.3
39	-1.008567	12.404168	9.708153	0.017186	1.0
40	-1.010564	13.403225	9.426232	0.016627	1.2
41	-1.009387	13.749440	9.332317	0.007908	1.3
42	-0.985707	14.749436	9.071270	0.002983	0.9
43	-1.008784	14.602851	9.108618	0.008322	1.0
44	-1.008699	14.378209	9.166456	0.003138	0.9
45	-0.995494	14.153403	9.225075	0.012178	0.9
46	-0.993162	14.743600	9.072751	0.014157	1.1
47	-0.972517	15.743600	8.825830	0.016746	1.7
48	-0.982928	16.743600	8.591994	0.005543	1.2
49	-0.988131	16.494646	8.649042	0.002918	1.1
50	-0.976993	16.537032	8.639276	0.024246	1.1
51	-0.999207	16.288248	8.696917	0.010473	1.3
52	-0.982713	17.288245	8.469774	0.016675	0.9
53	-1.005491	17.039294	8.525205	0.011364	1.1
54	-1.014474	18.039294	8.306830	0.005602	1.3
55	-0.990174	17.799993	8.358063	0.017920	1.2
56	-0.998910	17.551603	8.411914	0.018878	1.1
57	-1.002301	18.551603	8.199232	0.013250	1.1
58	-0.993014	19.499437	8.007340	0.008048	1.2
59	-0.972359	19.250482	8.056867	0.013228	1.7
60	-0.994757	20.250479	7.861552	0.012236	1.3
61	-0.985282	21.250479	7.675482	0.013401	1.1
62	-0.999097	22.250477	7.498016	0.017142	1.2
63	-1.003157	23.250477	7.328571	0.012536	0.9
64	-0.997972	24.250477	7.166616	0.008504	0.9
65	-1.009691	25.250473	7.011664	0.009688	0.9
66	-0.998550	25.170853	7.023755	0.008544	1.0
67	-0.998240	26.170443	6.874915	0.007671	1.4
68	-0.974758	25.923698	6.911066	0.004996	1.4
69	-0.977899	26.879532	6.773098	0.005922	1.4
70	-0.996754	26.638131	6.807420	0.009525	1.3
71	-0.999816	26.715252	6.796418	0.008415	1.1
72	-1.020573	26.817362	6.781905	0.008796	1.2
73	-0.986488	27.813016	6.643572	0.017667	1.2
74	-0.965452	27.564061	6.677629	0.007597	1.0
75	-1.006929	27.315128	6.712034	0.006818	0.9
76	-0.987340	28.273822	6.581442	0.013156	0.9
77	-0.996112	28.024872	6.614862	0.017364	0.9
78	-0.990122	28.492179	6.552405	0.012736	0.9
79	-1.002897	29.492179	6.422634	0.012691	0.9
80	-0.985041	29.263382	6.451870	0.007452	1.0
81	-0.998531	30.200563	6.333774	0.006918	0.9
82	-0.992760	29.952266	6.364639	0.014942	0.9
83	-0.999700	30.952245	6.242132	0.004105	1.1
84	-1.019339	31.302504	6.200330	0.006914	1.1
85	-0.987736	31.902081	6.130057	0.007168	0.9
86	-0.995030	32.895386	6.017079	0.008941	1.0
87	-1.002062	32.647373	6.044896	0.009408	1.5
88	-0.999644	33.647305	5.934287	0.018165	1.0
89	-0.994631	33.398349	5.961445	0.011792	1.3
90	-0.993031	34.398349	5.853835	0.018944	1.5
91	-1.003856	35.398349	5.750040	0.010320	1.1
92	-0.974041	36.398349	5.649863	0.007620	1.0
93	-1.009408	36.149411	5.674473	0.001839	1.0
94	-0.978863	36.117142	5.677679	0.004114	1.0
95	-1.000785	36.032361	5.686119	0.003811	1.0
96	-0.999213	36.179986	5.671439	0.010030	1.0
97	-0.988550	35.933435	5.695999	0.003681	0.9
98	-1.007443	35.886112	5.700737	0.014246	1.0
99	-0.992227	36.280883	5.661449	0.007938	1.1
100	-0.989498	37.280748	5.564321	0.016239	1.0
101	-1.014418	37.031793	5.588192	0.002745	0.9
102	-0.989310	36.807093	5.609913	0.013070	1.0
103	-0.977023	36.574501	5.632577	0.011683	1.0
104	-0.994557	37.574427	5.536423	0.001939	1.0
105	-1.001525	37.823087	5.513019	0.007831	0.9
106	-1.020768	38.123347	5.485021	0.010536	0.9
107	-1.005717	38.659367	5.435740	0.009077	0.9
108	-0.969782	38.449101	5.454965	0.015317	0.9
109	-0.992729	39.449095	5.364725	0.006723	0.9
110	-1.007947	39.200315	5.386895	0.001922	0.9
111	-1.016534	39.539327	5.356729	0.008650	1.1
112	-0.979725	39.337346	5.374661	0.005481	0.9
113	-1.006161	39.090517	5.396738	0.004901	1.0
114	-1.009374	38.873413	5.416307	0.006451	0.9
115	-0.989872	39.492220	5.360901	0.006920	1.0
116	-0.986008	39.470369	5.362838	0.009107	0.9
117	-0.987886	40.458863	5.276583	0.003916	1.5
118	-1.017853	40.218383	5.297310	0.007333	1.1
119	-0.982186	39.977132	5.318269	0.005917	2.3
120	-0.961379	40.923206	5.237015	0.003801	1.1
121	-0.970186	40.952635	5.234528	0.008150	1.0
122	-0.996061	40.756943	5.251115	0.016023	1.1
123	-0.984807	41.756812	5.167452	0.009263	1.1
124	-0.974647	42.756808	5.086402	0.014448	1.0
125	-0.986920	43.756808	5.007856	0.005690	1.1
126	-1.007836	43.527565	5.025647	0.011719	0.9
127	-1.003386	43.278847	5.045093	0.010978	0.9
128	-1.009041	44.278818	4.967810	0.010243	1.0
129	-0.980507	44.029865	4.986828	0.008789	0.9
130	-0.977273	45.029837	4.911307	0.005742	1.0
131	-0.997302	44.836487	4.925730	0.009834	1.0
132	-1.007939	44.790491	4.929174	0.009959	0.9
133	-1.015622	45.737829	4.859205	0.019709	0.9
134	-0.994734	45.488874	4.877399	0.018746	0.9
135	-0.989482	46.488874	4.805130	0.015962	1.0
136	-1.000620	47.488874	4.734970	0.009837	1.3
137	-0.978448	48.488873	4.666830	0.006647	0.9
138	-0.999027	48.240141	4.683595	0.006576	0.9
139	-1.018636	48.497343	4.666262	0.018398	1.0
140	-0.983565	49.496774	4.600108	0.006529	0.9
141	-1.021035	49.247820	4.616411	0.002944	0.9
142	-1.024158	49.529985	4.597942	0.007483	1.0
143	-1.019868	49.395678	4.606714	0.008860	0.9
144	-1.004711	49.288367	4.613748	0.004130	0.9
145	-1.041092	49.175134	4.621192	0.007581	0.9
146	-1.008358	48.933194	4.637180	0.015541	1.9
147	-0.987682	49.907555	4.573459	0.005700	1.1
148	-1.007956	49.658602	4.589573	0.002635	1.4
149	-0.964368	49.518756	4.598674	0.012972	1.3
150	-1.003193	50.302428	4.548131	0.003665	1.1
151	-1.021442	50.136164	4.558761	0.009189	1.1
152	-0.994932	49.943788	4.571123	0.005060	1.0
153	-1.000338	50.274832	4.549892	0.014485	1.0
154	-1.001386	50.025940	4.565836	0.009658	1.1
155	-0.988897	51.025940	4.502444	0.004114	1.0
156	-1.017319	50.803296	4.516405	0.005693	0.9
157	-0.985708	51.481237	4.474162	0.012221	1.0
158	-1.010140	52.465171	4.414238	0.004511	0.9
159	-1.006287	52.217376	4.429178	0.009016	0.9
160	-1.001779	53.184326	4.371446	0.012290	0.9
161	-0.993824	52.935381	4.386165	0.014111	0.9
162	-0.994240	52.686426	4.400984	0.015538	0.9
163	-0.979065	52.437470	4.415903	0.016089	1.0
164	-0.985238	53.437470	4.356580	0.009312	2.5
165	-1.004224	53.188589	4.371195	0.005720	1.4
166	-0.983512	54.034087	4.321939	0.012237	1.1
167	-0.995546	53.785216	4.336322	0.004736	1.0
168	-0.991534	54.763316	4.280340	0.007618	1.1
169	-0.998293	55.662826	4.230118	0.001745	1.0
170	-1.010067	55.532061	4.237345	0.011172	1.0
171	-0.999514	55.409434	4.244146	0.018415	1.0
172	-0.977957	55.160478	4.258019	0.013927	1.0
173	-0.995863	54.911523	4.271984	0.011906	1.3
174	-1.008365	54.662692	4.286033	0.002586	0.9
175	-1.003692	54.434725	4.298985	0.010981	0.9
176	-0.986245	54.883698	4.273550	0.003789	1.0
177	-0.991579	55.812842	4.221856	0.013769	1.1
178	-0.984530	56.757683	4.170556	0.012021	1.1
179	-1.023793	56.508731	4.183952	0.020401	1.3
180	-0.984947	56.259776	4.197434	0.007158	1.1
181	-1.017436	57.259776	4.143799	0.008954	1.2
182	-0.999216	58.000843	4.104928	0.003118	1.1
183	-1.009194	57.795952	4.115602	0.008837	1.2
184	-0.982439	58.042644	4.102757	0.007385	1.1
185	-0.989789	59.021663	4.052562	0.011165	1.0
186	-1.007444	60.021544	4.002550	0.006855	1.1
187	-0.986549	61.003466	3.954623	0.005394	1.1
188	-0.988719	61.963466	3.908863	0.000884	0.9
189	-0.989149	61.932004	3.910345	0.013170	1.1
190	-1.015982	61.948414	3.909572	0.009732	1.0
191	-0.998637	62.948414	3.863001	0.006622	0.9
192	-0.995292	63.938515	3.817971	0.003482	0.9
193	-1.004177	63.732802	3.827240	0.007347	1.0
194	-1.018294	63.508274	3.837409	0.010872	1.0
195	-0.996354	63.259406	3.848743	0.005068	1.2
196	-0.987814	63.816654	3.823456	0.009951	0.9
197	-0.997286	63.568154	3.834692	0.003633	1.0
198	-0.992217	63.395829	3.842521	0.009944	0.9
199	-0.982260	64.055548	3.812718	0.011169	0.9
200	-0.977764	63.813292	3.823608	0.007504	0.9
201	-0.997051	63.565494	3.834812	0.004241	0.9
202	-0.993658	63.432526	3.840851	0.007446	0.9
203	-0.973290	64.295347	3.801998	0.016046	1.1
204	-0.956327	64.056553	3.812673	0.007118	1.2
205	-0.987076	64.792651	3.779960	0.008901	1.5
206	-0.972001	64.544214	3.790938	0.012046	1.4
207	-1.011532	64.295504	3.801992	0.005524	1.3
208	-1.009426	65.293731	3.758011	0.013199	1.2
209	-0.998248	65.899435	3.731817	0.014628	1.2
210	-1.005547	66.899435	3.689361	0.006065	1.2
211	-1.012370	67.869164	3.649104	0.010877	1.2
212	-0.992809	67.621259	3.659311	0.008175	1.2
213	-1.054082	68.514880	3.622781	0.008183	1.1
214	-1.011911	68.337542	3.629972	0.011953	1.1
215	-0.992123	68.088587	3.640116	0.010983	1.1
216	-1.000683	69.083512	3.599913	0.005149	1.1
217	-0.981872	69.894780	3.567782	0.010818	1.1
218	-0.993983	69.647471	3.577516	0.007659	1.1
219	-1.012100	69.398520	3.587368	0.020166	1.1
220	-1.003525	70.398518	3.548119	0.007021	1.1
221	-0.972262	70.149563	3.557810	0.006929	1.0
222	-0.985684	71.129519	3.519966	0.010236	1.0
223	-0.988618	70.991413	3.525251	0.004091	1.0
224	-0.976129	71.901045	3.490733	0.009882	1.0
225	-0.983278	71.786677	3.495036	0.011657	0.9
226	-0.988988	71.537722	3.504439	0.007033	1.0
227	-0.974975	72.536162	3.467031	0.015202	1.1
228	-0.996131	72.288683	3.476229	0.011203	1.0
229	-0.993479	73.288683	3.439361	0.003341	1.1
230	-1.014831	73.180761	3.443302	0.005744	0.9
231	-0.990645	73.720320	3.423688	0.006947	1.4
232	-1.005036	74.251492	3.404595	0.007005	0.9
233	-0.992814	74.004919	3.413431	0.009343	1.2
234	-0.988188	75.001564	3.377995	0.012161	1.4
235	-0.996595	75.552925	3.358705	0.013454	1.2
236	-0.973401	76.552925	3.324275	0.006189	1.1
237	-1.001474	76.303975	3.332780	0.008459	1.0
238	-1.003023	77.203995	3.302236	0.008025	1.0
239	-0.987815	78.028593	3.274739	0.012071	1.0
240	-0.995626	77.779649	3.282992	0.023767	1.3
241	-0.990615	78.779649	3.250089	0.009705	0.9
242	-1.002879	79.779649	3.217840	0.013561	0.9
243	-1.014662	80.779646	3.186224	0.014062	1.0
244	-0.994960	81.779646	3.155224	0.017249	1.1
245	-0.964289	81.530691	3.162885	0.002926	1.0
246	-0.986043	81.472485	3.164682	0.002795	0.9
247	-0.986379	81.384726	3.167394	0.005410	0.9
248	-0.991352	81.808636	3.154334	0.007408	1.2
249	-1.000821	81.630034	3.159823	0.007110	0.9
